084308403840380294028407350394029320749257984375024729847559827498273498274
084308403840380294028407350394029320749257984375024729847559827498273498274
084308403840380294028407350394029320749257984375024729847559827498273498274
084308403840380294028407350394029320749257984375024729847559827498273498274
084308403840380294028407350394029320749257984375024729847559827498273498274
084308403840380294028407350394029320749257984375024729847559827498273498274
084308403840380294028407350394029320749257984375024729847559827498273498274
084308403840380294028407350394029320749257984375024729847559827498273498274
084308403840380294028407350394029320749257984375024729847559827498273498274
084308403840380294028407350394029320749257984375024729847559827498273498274
084308403840380294028407350394029320749257984375024729847559827498273498274
084308403840380294028407350394029320749257984375024729847559827498273498274
084308403840380294028407350394029320749257984375024729847559827498273498274
084308403840380294028407350394029320749257984375024729847559827498273498274
084308403840380294028407350394029320749257984375024729847559827498273498274
084308403840380294028407350394029320749257984375024729847559827498273498274
084308403840380294028407350394029320749257984375024729847559827498273498274
084308403840380294028407350394029320749257984375024729847559827498273498274
084308403840380294028407350394029320749257984375024729847559827498273498274
084308403840380294028407350394029320749257984375024729847559827498273498274
084308403840380294028407350394029320749257984375024729847559827498273498274
084308403840380294028407350394029320749257984375024729847559827498273498274
084308403840380294028407350394029320749257984375024729847559827498273498274
084308403840380294028407350394029320749257984375024729847559827498273498274
084308403840380294028407350394029320749257984375024729847559827498273498274
084308403840380294028407350394029320749257984375024729847559827498273498274
084308403840380294028407350394029320749257984375024729847559827498273498274
084308403840380294028407350394029320749257984375024729847559827498273498274
084308403840380294028407350394029320749257984375024729847559827498273498274
084308403840380294028407350394029320749257984375024729847559827498273498274
084308403840380294028407350394029320749257984375024729847559827498273498274
084308403840380294028407350394029320749257984375024729847559827498273498274
084308403840380294028407350394029320749257984375024729847559827498273498274
084308403840380294028407350394029320749257984375024729847559827498273498274
084308403840380294028407350394029320749257984375024729847559827498273498274
084308403840380294028407350394029320749257984375024729847559827498273498274
084308403840380294028407350394029320749257984375024729847559827498273498274
084308403840380294028407350394029320749257984375024729847559827498273498274
084308403840380294028407350394029320749257984375024729847559827498273498274
084308403840380294028407350394029320749257984375024729847559827498273498274
084308403840380294028407350394029320749257984375024729847559827498273498274
084308403840380294028407350394029320749257984375024729847559827498273498274
084308403840380294028407350394029320749257984375024729847559827498273498274
084308403840380294028407350394029320749257984375024729847559827498273498274
084308403840380294028407350394029320749257984375024729847559827498273498274
084308403840380294028407350394029320749257984375024729847559827498273498274
084308403840380294028407350394029320749257984375024729847559827498273498274
084308403840380294028407350394029320749257984375024729847559827498273498274
084308403840380294028407350394029320749257984375024729847559827498273498274
084308403840380294028407350394029320749257984375024729847559827498273498274
084308403840380294028407350394029320749257984375024729847559827498273498274
084308403840380294028407350394029320749257984375024729847559827498273498274
084308403840380294028407350394029320749257984375024729847559827498273498274
084308403840380294028407350394029320749257984375024729847559827498273498274
084308403840380294028407350394029320749257984375024729847559827498273498274
084308403840380294028407350394029320749257984375024729847559827498273498274
084308403840380294028407350394029320749257984375024729847559827498273498274
084308403840380294028407350394029320749257984375024729847559827498273498274
084308403840380294028407350394029320749257984375024729847559827498273498274
084308403840380294028407350394029320749257984375024729847559827498273498274
084308403840380294028407350394029320749257984375024729847559827498273498274
084308403840380294028407350394029320749257984375024729847559827498273498274
084308403840380294028407350394029320749257984375024729847559827498273498274
084308403840380294028407350394029320749257984375024729847559827498273498274
084308403840380294028407350394029320749257984375024729847559827498273498274
084308403840380294028407350394029320749257984375024729847559827498273498274
084308403840380294028407350394029320749257984375024729847559827498273498274
084308403840380294028407350394029320749257984375024729847559827498273498274
084308403840380294028407350394029320749257984375024729847559827498273498274
084308403840380294028407350394029320749257984375024729847559827498273498274
084308403840380294028407350394029320749257984375024729847559827498273498274
084308403840380294028407350394029320749257984375024729847559827498273498274
084308403840380294028407350394029320749257984375024729847559827498273498274
084308403840380294028407350394029320749257984375024729847559827498273498274
084308403840380294028407350394029320749257984375024729847559827498273498274
084308403840380294028407350394029320749257984375024729847559827498273498274
084308403840380294028407350394029320749257984375024729847559827498273498274
084308403840380294028407350394029320749257984375024729847559827498273498274
084308403840380294028407350394029320749257984375024729847559827498273498274
084308403840380294028407350394029320749257984375024729847559827498273498274
084308403840380294028407350394029320749257984375024729847559827498273498274
084308403840380294028407350394029320749257984375024729847559827498273498274
084308403840380294028407350394029320749257984375024729847559827498273498274
084308403840380294028407350394029320749257984375024729847559827498273498274
084308403840380294028407350394029320749257984375024729847559827498273498274
084308403840380294028407350394029320749257984375024729847559827498273498274
084308403840380294028407350394029320749257984375024729847559827498273498274
084308403840380294028407350394029320749257984375024729847559827498273498274
084308403840380294028407350394029320749257984375024729847559827498273498274
084308403840380294028407350394029320749257984375024729847559827498273498274
084308403840380294028407350394029320749257984375024729847559827498273498274
084308403840380294028407350394029320749257984375024729847559827498273498274
084308403840380294028407350394029320749257984375024729847559827498273498274
084308403840380294028407350394029320749257984375024729847559827498273498274
084308403840380294028407350394029320749257984375024729847559827498273498274
084308403840380294028407350394029320749257984375024729847559827498273498274
084308403840380294028407350394029320749257984375024729847559827498273498274
084308403840380294028407350394029320749257984375024729847559827498273498274
084308403840380294028407350394029320749257984375024729847559827498273498274
084308403840380294028407350394029320749257984375024729847559827498273498274
084308403840380294028407350394029320749257984375024729847559827498273498274
084308403840380294028407350394029320749257984375024729847559827498273498274
084308403840380294028407350394029320749257984375024729847559827498273498274
084308403840380294028407350394029320749257984375024729847559827498273498274
084308403840380294028407350394029320749257984375024729847559827498273498274
084308403840380294028407350394029320749257984375024729847559827498273498274
084308403840380294028407350394029320749257984375024729847559827498273498274
084308403840380294028407350394029320749257984375024729847559827498273498274
084308403840380294028407350394029320749257984375024729847559827498273498274
084308403840380294028407350394029320749257984375024729847559827498273498274
084308403840380294028407350394029320749257984375024729847559827498273498274
084308403840380294028407350394029320749257984375024729847559827498273498274
084308403840380294028407350394029320749257984375024729847559827498273498274
084308403840380294028407350394029320749257984375024729847559827498273498274
084308403840380294028407350394029320749257984375024729847559827498273498274
084308403840380294028407350394029320749257984375024729847559827498273498274
084308403840380294028407350394029320749257984375024729847559827498273498274
084308403840380294028407350394029320749257984375024729847559827498273498274
084308403840380294028407350394029320749257984375024729847559827498273498274
084308403840380294028407350394029320749257984375024729847559827498273498274
084308403840380294028407350394029320749257984375024729847559827498273498274
084308403840380294028407350394029320749257984375024729847559827498273498274
084308403840380294028407350394029320749257984375024729847559827498273498274
084308403840380294028407350394029320749257984375024729847559827498273498274
084308403840380294028407350394029320749257984375024729847559827498273498274
084308403840380294028407350394029320749257984375024729847559827498273498274
084308403840380294028407350394029320749257984375024729847559827498273498274
084308403840380294028407350394029320749257984375024729847559827498273498274
084308403840380294028407350394029320749257984375024729847559827498273498274
084308403840380294028407350394029320749257984375024729847559827498273498274
084308403840380294028407350394029320749257984375024729847559827498273498274
084308403840380294028407350394029320749257984375024729847559827498273498274
084308403840380294028407350394029320749257984375024729847559827498273498274
084308403840380294028407350394029320749257984375024729847559827498273498274
084308403840380294028407350394029320749257984375024729847559827498273498274
084308403840380294028407350394029320749257984375024729847559827498273498274
084308403840380294028407350394029320749257984375024729847559827498273498274
084308403840380294028407350394029320749257984375024729847559827498273498274
084308403840380294028407350394029320749257984375024729847559827498273498274
084308403840380294028407350394029320749257984375024729847559827498273498274
084308403840380294028407350394029320749257984375024729847559827498273498274
084308403840380294028407350394029320749257984375024729847559827498273498274
084308403840380294028407350394029320749257984375024729847559827498273498274
084308403840380294028407350394029320749257984375024729847559827498273498274
084308403840380294028407350394029320749257984375024729847559827498273498274
084308403840380294028407350394029320749257984375024729847559827498273498274
084308403840380294028407350394029320749257984375024729847559827498273498274
u084308403840380294028407350394029320749257984375024729847559827498273498274
